centroid:
  x: 0.00012761642665364985
  y: -4.7117891139853603e-05
  z: 0.0011969463021723843
avg_distance: 0.06299411653689295
min_distance: 0.023115439667648313
max_distance: 0.10409256778468104
radius_of_gyration: 0.06671050548300023
num_vertices: 8194
