centroid:
  x: 0.004030272349780177
  y: 0.0003131180996580243
  z: -0.0008280887884708698
avg_distance: 0.047269463770547616
min_distance: 0.018312607842352727
max_distance: 0.06651271014281789
radius_of_gyration: 0.04808379638415864
num_vertices: 8188
