centroid:
  x: 0.010170370270929955
  y: -0.004306312667805619
  z: -0.0006884400781059349
avg_distance: 0.05697983000825453
min_distance: 0.004766538786616328
max_distance: 0.10403576962698631
radius_of_gyration: 0.062176734991305126
num_vertices: 8194
