centroid:
  x: -0.0013518081523065787
  y: -0.0005425961679278203
  z: 0.0019676147180863967
avg_distance: 0.06291998854249509
min_distance: 0.022889975963412214
max_distance: 0.08543300143751781
radius_of_gyration: 0.064503191816222
num_vertices: 8194
