centroid:
  x: -0.033543843122858595
  y: 0.0018325250856583454
  z: -0.0009248777533039611
avg_distance: 0.04954534209078109
min_distance: 0.0002191291697776084
max_distance: 0.1195382923894321
radius_of_gyration: 0.057186316066384676
num_vertices: 8172
