centroid:
  x: -0.0005273817559305389
  y: 0.0017939095133284325
  z: -0.0008300392516507137
avg_distance: 0.04669264141619726
min_distance: 0.030862376850241843
max_distance: 0.06873497867899317
radius_of_gyration: 0.047837764257125076
num_vertices: 8178
